              precision    recall  f1-score   support

    10-26-26       1.00      1.00      1.00         1
    14-35-14       1.00      1.00      1.00         3
    17-17-17       1.00      1.00      1.00         1
       20-20       1.00      1.00      1.00         3
       28-28       1.00      1.00      1.00         3
         DAP       1.00      1.00      1.00         4
        Urea       1.00      1.00      1.00         5

    accuracy                           1.00        20
   macro avg       1.00      1.00      1.00        20
weighted avg       1.00      1.00      1.00        20
