              precision    recall  f1-score   support

    10-26-26       1.00      1.00      1.00         1
    14-35-14       0.75      1.00      0.86         3
    17-17-17       1.00      1.00      1.00         1
       20-20       1.00      0.67      0.80         3
       28-28       0.75      1.00      0.86         3
         DAP       1.00      0.75      0.86         4
        Urea       1.00      1.00      1.00         5

    accuracy                           0.90        20
   macro avg       0.93      0.92      0.91        20
weighted avg       0.93      0.90      0.90        20
